0
4
5
9
17
20
25
33
39
44
56
67
69
73
75
91
98
123
128
130
138
144
152
153
156
181
183
190
191
208
226
230
231
232
235
250
261
265
268
273
287
291
293
297
307
321
333
335
337
349
373
381
382
384
409
411
415
416
422
427
436
439
446
447
452
460
465
471
475
481
485
487
490
491
492
494
502
528
529
530
549
553
555
556
565
576
579
589
591
594
597
610
616
624
635
637
638
651
652
657
663
667
674
682
683
688
689
691
701
723
736
745
752
753
759
778
799
803
817
821
850
854
864
867
868
873
887
889
890
892
899
902
910
911
913
916
917
919
923
954
968
970
971
973
981
987
